PLOT 0.650000 0.110833
PLOT 0.135000 0.385833
PLOT 0.711667 0.372500
PLOT 0.835000 0.147500
PLOT 0.371667 0.414167
LINE 0.318333 0.225833 0.830000 0.254167
ELLIPSE 0.531667 0.200833 0.613333 0.289167
ELLIPSE 0.616667 0.217500 0.650000 0.265833
ELLIPSE 0.656667 0.227500 0.675000 0.260833
ELLIPSE 0.558333 0.219167 0.593333 0.270833
ELLIPSE 0.626667 0.229167 0.638333 0.257500
ELLIPSE 0.803333 0.225833 0.850000 0.285833
FILL #B399FF
POLYGON 0.271667 0.217500 0.310000 0.170833 0.355000 0.225833 0.318333 0.262500